‚9999999999901991 1411119444, 111

4444444144 4444144444 1414414414 919090999999999 4914114441 11499
4944444491444114444144141144444114411 1414414411 114
*mi 44444449441441441444411411144 191 444
4444414444444494414444144444444144441414144 11444
uua-mm 1449441444444444144 4444444414
mnus b 4444 4444444444 4114 144414 1444444444 4149111444
4444444411444444444444414414444414 4144144444, ,4114

4444 ,4444441444 44 4441414144114 44444144 4141 14141
4444444444444944444444 4441414144, 4144114444, 14114
4444444 4444444444 4441 4111114411 999 4114414

«9444444444 41 44444 4141441444 4414444 44944144 14 1444 4141111 11141111

9444444444444444444 4441441444411414941 4141441

44444 4444444444Η44444444 4144414444 41,Ι 41444 41444 ,44441 41444
eligerent, et Zachariam id agnovisse 49499499, 4999991199), 99949
144441414144144141441414441941141191114141, ¹¹¹
4441444944 4449444414 494114411111111414411 44144111111111111 ¹

11, 14444444 4144144144 1444111 14941141 4111114

11449414114141191414991111, ,199994 499 1444999499999414999 lv1¹9¹9119999r9199
9999 ¹99ffl9· 4111111114 1194191919, 94944944 1999 4994, ,49999111 1411119,
rim, 4949994 ,94949414919999,91941199949494990 94494ιά44441
1144411444 44414144 4111114144441, 11441114 114111111-
Μ99999914999994ῃ99949949999999999919999 44199949 ,4919499 4941949
441491 44414 11
14441 4414914444444414444 9999 441441 4111414114 14111141
4444444414 1444441449 441441 4111141 1 4144,,,,’,49,9949444
1Ρ414411911111111411111191 9111111114, ,1994949999 94949499 1914994
11*111411911ω111111111111111.11111111199111,119811,1111111111 1119
4411111, 4111 ,11 1949 444149
11101131111111144 11111141141111111111111114111191111111 ¹¹¹„,¹¹

Ἧχ1 1111141 11114 4414441111 444 41 4,,411,;9 ’,9 9,,

ΨΜ 1414114144 ,1194119999 149194. 494414119411191494111441444481114

44949, ,91111111 Q 1111411111ΐέ
¹q¹¹=¹da¹¹¹¹¹ principium· -19999909 111111111141111114111114141444 1141111119114111119411411141131411114141
Mffiff m, 111111 111114114111414 nutibus. 144114141414441141444944 deligi

 

